beta = 0.000000020255
theta = 0.007251059900
gamma = 0.974102
var_lambda = 0.500665
tfp = 10401.365290
tfp = 10384.276368
tfp = 10638.425601
tfp = 10700.984889
tfp = 10610.132337
tfp = 10877.261153
tfp = 10932.390377
tfp = 11053.405571
tfp = 11287.244670
tfp = 11174.089529
tfp = 11712.796237
tfp = 11458.225196
tfp = 11789.703846
tfp = 12218.416750
tfp = 12389.622463



